// id, rest_bit_len, rest_bits
[
     (0, 0,   0),  (1, 0,   0),  (2, 0,   0),  (3, 0,   0),
     (4, 1,   0),  (4, 1,   1),  (5, 1,   0),  (5, 1,   1),
     (6, 2,   0),  (6, 2,   1),  (6, 2,   2),  (6, 2,   3),
     (7, 2,   0),  (7, 2,   1),  (7, 2,   2),  (7, 2,   3),
     (8, 3,   0),  (8, 3,   1),  (8, 3,   2),  (8, 3,   3),
     (8, 3,   4),  (8, 3,   5),  (8, 3,   6),  (8, 3,   7),
     (9, 3,   0),  (9, 3,   1),  (9, 3,   2),  (9, 3,   3),
     (9, 3,   4),  (9, 3,   5),  (9, 3,   6),  (9, 3,   7),
    (10, 4,   0), (10, 4,   1), (10, 4,   2), (10, 4,   3),
    (10, 4,   4), (10, 4,   5), (10, 4,   6), (10, 4,   7),
    (10, 4,   8), (10, 4,   9), (10, 4,  10), (10, 4,  11),
    (10, 4,  12), (10, 4,  13), (10, 4,  14), (10, 4,  15),
    (11, 4,   0), (11, 4,   1), (11, 4,   2), (11, 4,   3),
    (11, 4,   4), (11, 4,   5), (11, 4,   6), (11, 4,   7),
    (11, 4,   8), (11, 4,   9), (11, 4,  10), (11, 4,  11),
    (11, 4,  12), (11, 4,  13), (11, 4,  14), (11, 4,  15),
    (12, 5,   0), (12, 5,   1), (12, 5,   2), (12, 5,   3),
    (12, 5,   4), (12, 5,   5), (12, 5,   6), (12, 5,   7),
    (12, 5,   8), (12, 5,   9), (12, 5,  10), (12, 5,  11),
    (12, 5,  12), (12, 5,  13), (12, 5,  14), (12, 5,  15),
    (12, 5,  16), (12, 5,  17), (12, 5,  18), (12, 5,  19),
    (12, 5,  20), (12, 5,  21), (12, 5,  22), (12, 5,  23),
    (12, 5,  24), (12, 5,  25), (12, 5,  26), (12, 5,  27),
    (12, 5,  28), (12, 5,  29), (12, 5,  30), (12, 5,  31),
    (13, 5,   0), (13, 5,   1), (13, 5,   2), (13, 5,   3),
    (13, 5,   4), (13, 5,   5), (13, 5,   6), (13, 5,   7),
    (13, 5,   8), (13, 5,   9), (13, 5,  10), (13, 5,  11),
    (13, 5,  12), (13, 5,  13), (13, 5,  14), (13, 5,  15),
    (13, 5,  16), (13, 5,  17), (13, 5,  18), (13, 5,  19),
    (13, 5,  20), (13, 5,  21), (13, 5,  22), (13, 5,  23),
    (13, 5,  24), (13, 5,  25), (13, 5,  26), (13, 5,  27),
    (13, 5,  28), (13, 5,  29), (13, 5,  30), (13, 5,  31),
    (14, 6,   0), (14, 6,   1), (14, 6,   2), (14, 6,   3),
    (14, 6,   4), (14, 6,   5), (14, 6,   6), (14, 6,   7),
    (14, 6,   8), (14, 6,   9), (14, 6,  10), (14, 6,  11),
    (14, 6,  12), (14, 6,  13), (14, 6,  14), (14, 6,  15),
    (14, 6,  16), (14, 6,  17), (14, 6,  18), (14, 6,  19),
    (14, 6,  20), (14, 6,  21), (14, 6,  22), (14, 6,  23),
    (14, 6,  24), (14, 6,  25), (14, 6,  26), (14, 6,  27),
    (14, 6,  28), (14, 6,  29), (14, 6,  30), (14, 6,  31),
    (14, 6,  32), (14, 6,  33), (14, 6,  34), (14, 6,  35),
    (14, 6,  36), (14, 6,  37), (14, 6,  38), (14, 6,  39),
    (14, 6,  40), (14, 6,  41), (14, 6,  42), (14, 6,  43),
    (14, 6,  44), (14, 6,  45), (14, 6,  46), (14, 6,  47),
    (14, 6,  48), (14, 6,  49), (14, 6,  50), (14, 6,  51),
    (14, 6,  52), (14, 6,  53), (14, 6,  54), (14, 6,  55),
    (14, 6,  56), (14, 6,  57), (14, 6,  58), (14, 6,  59),
    (14, 6,  60), (14, 6,  61), (14, 6,  62), (14, 6,  63),
    (15, 6,   0), (15, 6,   1), (15, 6,   2), (15, 6,   3),
    (15, 6,   4), (15, 6,   5), (15, 6,   6), (15, 6,   7),
    (15, 6,   8), (15, 6,   9), (15, 6,  10), (15, 6,  11),
    (15, 6,  12), (15, 6,  13), (15, 6,  14), (15, 6,  15),
    (15, 6,  16), (15, 6,  17), (15, 6,  18), (15, 6,  19),
    (15, 6,  20), (15, 6,  21), (15, 6,  22), (15, 6,  23),
    (15, 6,  24), (15, 6,  25), (15, 6,  26), (15, 6,  27),
    (15, 6,  28), (15, 6,  29), (15, 6,  30), (15, 6,  31),
    (15, 6,  32), (15, 6,  33), (15, 6,  34), (15, 6,  35),
    (15, 6,  36), (15, 6,  37), (15, 6,  38), (15, 6,  39),
    (15, 6,  40), (15, 6,  41), (15, 6,  42), (15, 6,  43),
    (15, 6,  44), (15, 6,  45), (15, 6,  46), (15, 6,  47),
    (15, 6,  48), (15, 6,  49), (15, 6,  50), (15, 6,  51),
    (15, 6,  52), (15, 6,  53), (15, 6,  54), (15, 6,  55),
    (15, 6,  56), (15, 6,  57), (15, 6,  58), (15, 6,  59),
    (15, 6,  60), (15, 6,  61), (15, 6,  62), (15, 6,  63),
    (16, 7,   0), (16, 7,   1), (16, 7,   2), (16, 7,   3),
    (16, 7,   4), (16, 7,   5), (16, 7,   6), (16, 7,   7),
    (16, 7,   8), (16, 7,   9), (16, 7,  10), (16, 7,  11),
    (16, 7,  12), (16, 7,  13), (16, 7,  14), (16, 7,  15),
    (16, 7,  16), (16, 7,  17), (16, 7,  18), (16, 7,  19),
    (16, 7,  20), (16, 7,  21), (16, 7,  22), (16, 7,  23),
    (16, 7,  24), (16, 7,  25), (16, 7,  26), (16, 7,  27),
    (16, 7,  28), (16, 7,  29), (16, 7,  30), (16, 7,  31),
    (16, 7,  32), (16, 7,  33), (16, 7,  34), (16, 7,  35),
    (16, 7,  36), (16, 7,  37), (16, 7,  38), (16, 7,  39),
    (16, 7,  40), (16, 7,  41), (16, 7,  42), (16, 7,  43),
    (16, 7,  44), (16, 7,  45), (16, 7,  46), (16, 7,  47),
    (16, 7,  48), (16, 7,  49), (16, 7,  50), (16, 7,  51),
    (16, 7,  52), (16, 7,  53), (16, 7,  54), (16, 7,  55),
    (16, 7,  56), (16, 7,  57), (16, 7,  58), (16, 7,  59),
    (16, 7,  60), (16, 7,  61), (16, 7,  62), (16, 7,  63),
    (16, 7,  64), (16, 7,  65), (16, 7,  66), (16, 7,  67),
    (16, 7,  68), (16, 7,  69), (16, 7,  70), (16, 7,  71),
    (16, 7,  72), (16, 7,  73), (16, 7,  74), (16, 7,  75),
    (16, 7,  76), (16, 7,  77), (16, 7,  78), (16, 7,  79),
    (16, 7,  80), (16, 7,  81), (16, 7,  82), (16, 7,  83),
    (16, 7,  84), (16, 7,  85), (16, 7,  86), (16, 7,  87),
    (16, 7,  88), (16, 7,  89), (16, 7,  90), (16, 7,  91),
    (16, 7,  92), (16, 7,  93), (16, 7,  94), (16, 7,  95),
    (16, 7,  96), (16, 7,  97), (16, 7,  98), (16, 7,  99),
    (16, 7, 100), (16, 7, 101), (16, 7, 102), (16, 7, 103),
    (16, 7, 104), (16, 7, 105), (16, 7, 106), (16, 7, 107),
    (16, 7, 108), (16, 7, 109), (16, 7, 110), (16, 7, 111),
    (16, 7, 112), (16, 7, 113), (16, 7, 114), (16, 7, 115),
    (16, 7, 116), (16, 7, 117), (16, 7, 118), (16, 7, 119),
    (16, 7, 120), (16, 7, 121), (16, 7, 122), (16, 7, 123),
    (16, 7, 124), (16, 7, 125), (16, 7, 126), (16, 7, 127),
    (17, 7,   0), (17, 7,   1), (17, 7,   2), (17, 7,   3),
    (17, 7,   4), (17, 7,   5), (17, 7,   6), (17, 7,   7),
    (17, 7,   8), (17, 7,   9), (17, 7,  10), (17, 7,  11),
    (17, 7,  12), (17, 7,  13), (17, 7,  14), (17, 7,  15),
    (17, 7,  16), (17, 7,  17), (17, 7,  18), (17, 7,  19),
    (17, 7,  20), (17, 7,  21), (17, 7,  22), (17, 7,  23),
    (17, 7,  24), (17, 7,  25), (17, 7,  26), (17, 7,  27),
    (17, 7,  28), (17, 7,  29), (17, 7,  30), (17, 7,  31),
    (17, 7,  32), (17, 7,  33), (17, 7,  34), (17, 7,  35),
    (17, 7,  36), (17, 7,  37), (17, 7,  38), (17, 7,  39),
    (17, 7,  40), (17, 7,  41), (17, 7,  42), (17, 7,  43),
    (17, 7,  44), (17, 7,  45), (17, 7,  46), (17, 7,  47),
    (17, 7,  48), (17, 7,  49), (17, 7,  50), (17, 7,  51),
    (17, 7,  52), (17, 7,  53), (17, 7,  54), (17, 7,  55),
    (17, 7,  56), (17, 7,  57), (17, 7,  58), (17, 7,  59),
    (17, 7,  60), (17, 7,  61), (17, 7,  62), (17, 7,  63),
    (17, 7,  64), (17, 7,  65), (17, 7,  66), (17, 7,  67),
    (17, 7,  68), (17, 7,  69), (17, 7,  70), (17, 7,  71),
    (17, 7,  72), (17, 7,  73), (17, 7,  74), (17, 7,  75),
    (17, 7,  76), (17, 7,  77), (17, 7,  78), (17, 7,  79),
    (17, 7,  80), (17, 7,  81), (17, 7,  82), (17, 7,  83),
    (17, 7,  84), (17, 7,  85), (17, 7,  86), (17, 7,  87),
    (17, 7,  88), (17, 7,  89), (17, 7,  90), (17, 7,  91),
    (17, 7,  92), (17, 7,  93), (17, 7,  94), (17, 7,  95),
    (17, 7,  96), (17, 7,  97), (17, 7,  98), (17, 7,  99),
    (17, 7, 100), (17, 7, 101), (17, 7, 102), (17, 7, 103),
    (17, 7, 104), (17, 7, 105), (17, 7, 106), (17, 7, 107),
    (17, 7, 108), (17, 7, 109), (17, 7, 110), (17, 7, 111),
    (17, 7, 112), (17, 7, 113), (17, 7, 114), (17, 7, 115),
    (17, 7, 116), (17, 7, 117), (17, 7, 118), (17, 7, 119),
    (17, 7, 120), (17, 7, 121), (17, 7, 122), (17, 7, 123),
    (17, 7, 124), (17, 7, 125), (17, 7, 126), (17, 7, 127),
    (18, 8,   0), (18, 8,   1), (18, 8,   2), (18, 8,   3),
    (18, 8,   4), (18, 8,   5), (18, 8,   6), (18, 8,   7),
    (18, 8,   8), (18, 8,   9), (18, 8,  10), (18, 8,  11),
    (18, 8,  12), (18, 8,  13), (18, 8,  14), (18, 8,  15),
    (18, 8,  16), (18, 8,  17), (18, 8,  18), (18, 8,  19),
    (18, 8,  20), (18, 8,  21), (18, 8,  22), (18, 8,  23),
    (18, 8,  24), (18, 8,  25), (18, 8,  26), (18, 8,  27),
    (18, 8,  28), (18, 8,  29), (18, 8,  30), (18, 8,  31),
    (18, 8,  32), (18, 8,  33), (18, 8,  34), (18, 8,  35),
    (18, 8,  36), (18, 8,  37), (18, 8,  38), (18, 8,  39),
    (18, 8,  40), (18, 8,  41), (18, 8,  42), (18, 8,  43),
    (18, 8,  44), (18, 8,  45), (18, 8,  46), (18, 8,  47),
    (18, 8,  48), (18, 8,  49), (18, 8,  50), (18, 8,  51),
    (18, 8,  52), (18, 8,  53), (18, 8,  54), (18, 8,  55),
    (18, 8,  56), (18, 8,  57), (18, 8,  58), (18, 8,  59),
    (18, 8,  60), (18, 8,  61), (18, 8,  62), (18, 8,  63),
    (18, 8,  64), (18, 8,  65), (18, 8,  66), (18, 8,  67),
    (18, 8,  68), (18, 8,  69), (18, 8,  70), (18, 8,  71),
    (18, 8,  72), (18, 8,  73), (18, 8,  74), (18, 8,  75),
    (18, 8,  76), (18, 8,  77), (18, 8,  78), (18, 8,  79),
    (18, 8,  80), (18, 8,  81), (18, 8,  82), (18, 8,  83),
    (18, 8,  84), (18, 8,  85), (18, 8,  86), (18, 8,  87),
    (18, 8,  88), (18, 8,  89), (18, 8,  90), (18, 8,  91),
    (18, 8,  92), (18, 8,  93), (18, 8,  94), (18, 8,  95),
    (18, 8,  96), (18, 8,  97), (18, 8,  98), (18, 8,  99),
    (18, 8, 100), (18, 8, 101), (18, 8, 102), (18, 8, 103),
    (18, 8, 104), (18, 8, 105), (18, 8, 106), (18, 8, 107),
    (18, 8, 108), (18, 8, 109), (18, 8, 110), (18, 8, 111),
    (18, 8, 112), (18, 8, 113), (18, 8, 114), (18, 8, 115),
    (18, 8, 116), (18, 8, 117), (18, 8, 118), (18, 8, 119),
    (18, 8, 120), (18, 8, 121), (18, 8, 122), (18, 8, 123),
    (18, 8, 124), (18, 8, 125), (18, 8, 126), (18, 8, 127),
    (18, 8, 128), (18, 8, 129), (18, 8, 130), (18, 8, 131),
    (18, 8, 132), (18, 8, 133), (18, 8, 134), (18, 8, 135),
    (18, 8, 136), (18, 8, 137), (18, 8, 138), (18, 8, 139),
    (18, 8, 140), (18, 8, 141), (18, 8, 142), (18, 8, 143),
    (18, 8, 144), (18, 8, 145), (18, 8, 146), (18, 8, 147),
    (18, 8, 148), (18, 8, 149), (18, 8, 150), (18, 8, 151),
    (18, 8, 152), (18, 8, 153), (18, 8, 154), (18, 8, 155),
    (18, 8, 156), (18, 8, 157), (18, 8, 158), (18, 8, 159),
    (18, 8, 160), (18, 8, 161), (18, 8, 162), (18, 8, 163),
    (18, 8, 164), (18, 8, 165), (18, 8, 166), (18, 8, 167),
    (18, 8, 168), (18, 8, 169), (18, 8, 170), (18, 8, 171),
    (18, 8, 172), (18, 8, 173), (18, 8, 174), (18, 8, 175),
    (18, 8, 176), (18, 8, 177), (18, 8, 178), (18, 8, 179),
    (18, 8, 180), (18, 8, 181), (18, 8, 182), (18, 8, 183),
    (18, 8, 184), (18, 8, 185), (18, 8, 186), (18, 8, 187),
    (18, 8, 188), (18, 8, 189), (18, 8, 190), (18, 8, 191),
    (18, 8, 192), (18, 8, 193), (18, 8, 194), (18, 8, 195),
    (18, 8, 196), (18, 8, 197), (18, 8, 198), (18, 8, 199),
    (18, 8, 200), (18, 8, 201), (18, 8, 202), (18, 8, 203),
    (18, 8, 204), (18, 8, 205), (18, 8, 206), (18, 8, 207),
    (18, 8, 208), (18, 8, 209), (18, 8, 210), (18, 8, 211),
    (18, 8, 212), (18, 8, 213), (18, 8, 214), (18, 8, 215),
    (18, 8, 216), (18, 8, 217), (18, 8, 218), (18, 8, 219),
    (18, 8, 220), (18, 8, 221), (18, 8, 222), (18, 8, 223),
    (18, 8, 224), (18, 8, 225), (18, 8, 226), (18, 8, 227),
    (18, 8, 228), (18, 8, 229), (18, 8, 230), (18, 8, 231),
    (18, 8, 232), (18, 8, 233), (18, 8, 234), (18, 8, 235),
    (18, 8, 236), (18, 8, 237), (18, 8, 238), (18, 8, 239),
    (18, 8, 240), (18, 8, 241), (18, 8, 242), (18, 8, 243),
    (18, 8, 244), (18, 8, 245), (18, 8, 246), (18, 8, 247),
    (18, 8, 248), (18, 8, 249), (18, 8, 250), (18, 8, 251),
    (18, 8, 252), (18, 8, 253), (18, 8, 254), (18, 8, 255),
    (19, 8,   0), (19, 8,   1), (19, 8,   2), (19, 8,   3),
    (19, 8,   4), (19, 8,   5), (19, 8,   6), (19, 8,   7),
    (19, 8,   8), (19, 8,   9), (19, 8,  10), (19, 8,  11),
    (19, 8,  12), (19, 8,  13), (19, 8,  14), (19, 8,  15),
    (19, 8,  16), (19, 8,  17), (19, 8,  18), (19, 8,  19),
    (19, 8,  20), (19, 8,  21), (19, 8,  22), (19, 8,  23),
    (19, 8,  24), (19, 8,  25), (19, 8,  26), (19, 8,  27),
    (19, 8,  28), (19, 8,  29), (19, 8,  30), (19, 8,  31),
    (19, 8,  32), (19, 8,  33), (19, 8,  34), (19, 8,  35),
    (19, 8,  36), (19, 8,  37), (19, 8,  38), (19, 8,  39),
    (19, 8,  40), (19, 8,  41), (19, 8,  42), (19, 8,  43),
    (19, 8,  44), (19, 8,  45), (19, 8,  46), (19, 8,  47),
    (19, 8,  48), (19, 8,  49), (19, 8,  50), (19, 8,  51),
    (19, 8,  52), (19, 8,  53), (19, 8,  54), (19, 8,  55),
    (19, 8,  56), (19, 8,  57), (19, 8,  58), (19, 8,  59),
    (19, 8,  60), (19, 8,  61), (19, 8,  62), (19, 8,  63),
    (19, 8,  64), (19, 8,  65), (19, 8,  66), (19, 8,  67),
    (19, 8,  68), (19, 8,  69), (19, 8,  70), (19, 8,  71),
    (19, 8,  72), (19, 8,  73), (19, 8,  74), (19, 8,  75),
    (19, 8,  76), (19, 8,  77), (19, 8,  78), (19, 8,  79),
    (19, 8,  80), (19, 8,  81), (19, 8,  82), (19, 8,  83),
    (19, 8,  84), (19, 8,  85), (19, 8,  86), (19, 8,  87),
    (19, 8,  88), (19, 8,  89), (19, 8,  90), (19, 8,  91),
    (19, 8,  92), (19, 8,  93), (19, 8,  94), (19, 8,  95),
    (19, 8,  96), (19, 8,  97), (19, 8,  98), (19, 8,  99),
    (19, 8, 100), (19, 8, 101), (19, 8, 102), (19, 8, 103),
    (19, 8, 104), (19, 8, 105), (19, 8, 106), (19, 8, 107),
    (19, 8, 108), (19, 8, 109), (19, 8, 110), (19, 8, 111),
    (19, 8, 112), (19, 8, 113), (19, 8, 114), (19, 8, 115),
    (19, 8, 116), (19, 8, 117), (19, 8, 118), (19, 8, 119),
    (19, 8, 120), (19, 8, 121), (19, 8, 122), (19, 8, 123),
    (19, 8, 124), (19, 8, 125), (19, 8, 126), (19, 8, 127),
    (19, 8, 128), (19, 8, 129), (19, 8, 130), (19, 8, 131),
    (19, 8, 132), (19, 8, 133), (19, 8, 134), (19, 8, 135),
    (19, 8, 136), (19, 8, 137), (19, 8, 138), (19, 8, 139),
    (19, 8, 140), (19, 8, 141), (19, 8, 142), (19, 8, 143),
    (19, 8, 144), (19, 8, 145), (19, 8, 146), (19, 8, 147),
    (19, 8, 148), (19, 8, 149), (19, 8, 150), (19, 8, 151),
    (19, 8, 152), (19, 8, 153), (19, 8, 154), (19, 8, 155),
    (19, 8, 156), (19, 8, 157), (19, 8, 158), (19, 8, 159),
    (19, 8, 160), (19, 8, 161), (19, 8, 162), (19, 8, 163),
    (19, 8, 164), (19, 8, 165), (19, 8, 166), (19, 8, 167),
    (19, 8, 168), (19, 8, 169), (19, 8, 170), (19, 8, 171),
    (19, 8, 172), (19, 8, 173), (19, 8, 174), (19, 8, 175),
    (19, 8, 176), (19, 8, 177), (19, 8, 178), (19, 8, 179),
    (19, 8, 180), (19, 8, 181), (19, 8, 182), (19, 8, 183),
    (19, 8, 184), (19, 8, 185), (19, 8, 186), (19, 8, 187),
    (19, 8, 188), (19, 8, 189), (19, 8, 190), (19, 8, 191),
    (19, 8, 192), (19, 8, 193), (19, 8, 194), (19, 8, 195),
    (19, 8, 196), (19, 8, 197), (19, 8, 198), (19, 8, 199),
    (19, 8, 200), (19, 8, 201), (19, 8, 202), (19, 8, 203),
    (19, 8, 204), (19, 8, 205), (19, 8, 206), (19, 8, 207),
    (19, 8, 208), (19, 8, 209), (19, 8, 210), (19, 8, 211),
    (19, 8, 212), (19, 8, 213), (19, 8, 214), (19, 8, 215),
    (19, 8, 216), (19, 8, 217), (19, 8, 218), (19, 8, 219),
    (19, 8, 220), (19, 8, 221), (19, 8, 222), (19, 8, 223),
    (19, 8, 224), (19, 8, 225), (19, 8, 226), (19, 8, 227),
    (19, 8, 228), (19, 8, 229), (19, 8, 230), (19, 8, 231),
    (19, 8, 232), (19, 8, 233), (19, 8, 234), (19, 8, 235),
    (19, 8, 236), (19, 8, 237), (19, 8, 238), (19, 8, 239),
    (19, 8, 240), (19, 8, 241), (19, 8, 242), (19, 8, 243),
    (19, 8, 244), (19, 8, 245), (19, 8, 246), (19, 8, 247),
    (19, 8, 248), (19, 8, 249), (19, 8, 250), (19, 8, 251),
    (19, 8, 252), (19, 8, 253), (19, 8, 254), (19, 8, 255),
    (20, 8,   0), (20, 8,   1), (20, 8,   2), (20, 8,   3),
    (20, 8,   4), (20, 8,   5), (20, 8,   6), (20, 8,   7),
    (20, 8,   8), (20, 8,   9), (20, 8,  10), (20, 8,  11),
    (20, 8,  12), (20, 8,  13), (20, 8,  14), (20, 8,  15),
    (20, 8,  16), (20, 8,  17), (20, 8,  18), (20, 8,  19),
    (20, 8,  20), (20, 8,  21), (20, 8,  22), (20, 8,  23),
    (20, 8,  24), (20, 8,  25), (20, 8,  26), (20, 8,  27),
    (20, 8,  28), (20, 8,  29), (20, 8,  30), (20, 8,  31),
    (20, 8,  32), (20, 8,  33), (20, 8,  34), (20, 8,  35),
    (20, 8,  36), (20, 8,  37), (20, 8,  38), (20, 8,  39),
    (20, 8,  40), (20, 8,  41), (20, 8,  42), (20, 8,  43),
    (20, 8,  44), (20, 8,  45), (20, 8,  46), (20, 8,  47),
    (20, 8,  48), (20, 8,  49), (20, 8,  50), (20, 8,  51),
    (20, 8,  52), (20, 8,  53), (20, 8,  54), (20, 8,  55),
    (20, 8,  56), (20, 8,  57), (20, 8,  58), (20, 8,  59),
    (20, 8,  60), (20, 8,  61), (20, 8,  62), (20, 8,  63),
    (20, 8,  64), (20, 8,  65), (20, 8,  66), (20, 8,  67),
    (20, 8,  68), (20, 8,  69), (20, 8,  70), (20, 8,  71),
    (20, 8,  72), (20, 8,  73), (20, 8,  74), (20, 8,  75),
    (20, 8,  76), (20, 8,  77), (20, 8,  78), (20, 8,  79),
    (20, 8,  80), (20, 8,  81), (20, 8,  82), (20, 8,  83),
    (20, 8,  84), (20, 8,  85), (20, 8,  86), (20, 8,  87),
    (20, 8,  88), (20, 8,  89), (20, 8,  90), (20, 8,  91),
    (20, 8,  92), (20, 8,  93), (20, 8,  94), (20, 8,  95),
    (20, 8,  96), (20, 8,  97), (20, 8,  98), (20, 8,  99),
    (20, 8, 100), (20, 8, 101), (20, 8, 102), (20, 8, 103),
    (20, 8, 104), (20, 8, 105), (20, 8, 106), (20, 8, 107),
    (20, 8, 108), (20, 8, 109), (20, 8, 110), (20, 8, 111),
    (20, 8, 112), (20, 8, 113), (20, 8, 114), (20, 8, 115),
    (20, 8, 116), (20, 8, 117), (20, 8, 118), (20, 8, 119),
    (20, 8, 120), (20, 8, 121), (20, 8, 122), (20, 8, 123),
    (20, 8, 124), (20, 8, 125), (20, 8, 126), (20, 8, 127),
    (20, 8, 128), (20, 8, 129), (20, 8, 130), (20, 8, 131),
    (20, 8, 132), (20, 8, 133), (20, 8, 134), (20, 8, 135),
    (20, 8, 136), (20, 8, 137), (20, 8, 138), (20, 8, 139),
    (20, 8, 140), (20, 8, 141), (20, 8, 142), (20, 8, 143),
    (20, 8, 144), (20, 8, 145), (20, 8, 146), (20, 8, 147),
    (20, 8, 148), (20, 8, 149), (20, 8, 150), (20, 8, 151),
    (20, 8, 152), (20, 8, 153), (20, 8, 154), (20, 8, 155),
    (20, 8, 156), (20, 8, 157), (20, 8, 158), (20, 8, 159),
    (20, 8, 160), (20, 8, 161), (20, 8, 162), (20, 8, 163),
    (20, 8, 164), (20, 8, 165), (20, 8, 166), (20, 8, 167),
    (20, 8, 168), (20, 8, 169), (20, 8, 170), (20, 8, 171),
    (20, 8, 172), (20, 8, 173), (20, 8, 174), (20, 8, 175),
    (20, 8, 176), (20, 8, 177), (20, 8, 178), (20, 8, 179),
    (20, 8, 180), (20, 8, 181), (20, 8, 182), (20, 8, 183),
    (20, 8, 184), (20, 8, 185), (20, 8, 186), (20, 8, 187),
    (20, 8, 188), (20, 8, 189), (20, 8, 190), (20, 8, 191),
    (20, 8, 192), (20, 8, 193), (20, 8, 194), (20, 8, 195),
    (20, 8, 196), (20, 8, 197), (20, 8, 198), (20, 8, 199),
    (20, 8, 200), (20, 8, 201), (20, 8, 202), (20, 8, 203),
    (20, 8, 204), (20, 8, 205), (20, 8, 206), (20, 8, 207),
    (20, 8, 208), (20, 8, 209), (20, 8, 210), (20, 8, 211),
    (20, 8, 212), (20, 8, 213), (20, 8, 214), (20, 8, 215),
    (20, 8, 216), (20, 8, 217), (20, 8, 218), (20, 8, 219),
    (20, 8, 220), (20, 8, 221), (20, 8, 222), (20, 8, 223),
    (20, 8, 224), (20, 8, 225), (20, 8, 226), (20, 8, 227),
    (20, 8, 228), (20, 8, 229), (20, 8, 230), (20, 8, 231),
    (20, 8, 232), (20, 8, 233), (20, 8, 234), (20, 8, 235),
    (20, 8, 236), (20, 8, 237), (20, 8, 238), (20, 8, 239),
    (20, 8, 240), (20, 8, 241), (20, 8, 242), (20, 8, 243),
    (20, 8, 244), (20, 8, 245), (20, 8, 246), (20, 8, 247),
    (20, 8, 248), (20, 8, 249), (20, 8, 250), (20, 8, 251),
    (20, 8, 252), (20, 8, 253), (20, 8, 254), (20, 8, 255),
    (21, 8,   0), (21, 8,   1), (21, 8,   2), (21, 8,   3),
    (21, 8,   4), (21, 8,   5), (21, 8,   6), (21, 8,   7),
    (21, 8,   8), (21, 8,   9), (21, 8,  10), (21, 8,  11),
    (21, 8,  12), (21, 8,  13), (21, 8,  14), (21, 8,  15),
    (21, 8,  16), (21, 8,  17), (21, 8,  18), (21, 8,  19),
    (21, 8,  20), (21, 8,  21), (21, 8,  22), (21, 8,  23),
    (21, 8,  24), (21, 8,  25), (21, 8,  26), (21, 8,  27),
    (21, 8,  28), (21, 8,  29), (21, 8,  30), (21, 8,  31),
    (21, 8,  32), (21, 8,  33), (21, 8,  34), (21, 8,  35),
    (21, 8,  36), (21, 8,  37), (21, 8,  38), (21, 8,  39),
    (21, 8,  40), (21, 8,  41), (21, 8,  42), (21, 8,  43),
    (21, 8,  44), (21, 8,  45), (21, 8,  46), (21, 8,  47),
    (21, 8,  48), (21, 8,  49), (21, 8,  50), (21, 8,  51),
    (21, 8,  52), (21, 8,  53), (21, 8,  54), (21, 8,  55),
    (21, 8,  56), (21, 8,  57), (21, 8,  58), (21, 8,  59),
    (21, 8,  60), (21, 8,  61), (21, 8,  62), (21, 8,  63),
    (21, 8,  64), (21, 8,  65), (21, 8,  66), (21, 8,  67),
    (21, 8,  68), (21, 8,  69), (21, 8,  70), (21, 8,  71),
    (21, 8,  72), (21, 8,  73), (21, 8,  74), (21, 8,  75),
    (21, 8,  76), (21, 8,  77), (21, 8,  78), (21, 8,  79),
    (21, 8,  80), (21, 8,  81), (21, 8,  82), (21, 8,  83),
    (21, 8,  84), (21, 8,  85), (21, 8,  86), (21, 8,  87),
    (21, 8,  88), (21, 8,  89), (21, 8,  90), (21, 8,  91),
    (21, 8,  92), (21, 8,  93), (21, 8,  94), (21, 8,  95),
    (21, 8,  96), (21, 8,  97), (21, 8,  98), (21, 8,  99),
    (21, 8, 100), (21, 8, 101), (21, 8, 102), (21, 8, 103),
    (21, 8, 104), (21, 8, 105), (21, 8, 106), (21, 8, 107),
    (21, 8, 108), (21, 8, 109), (21, 8, 110), (21, 8, 111),
    (21, 8, 112), (21, 8, 113), (21, 8, 114), (21, 8, 115),
    (21, 8, 116), (21, 8, 117), (21, 8, 118), (21, 8, 119),
    (21, 8, 120), (21, 8, 121), (21, 8, 122), (21, 8, 123),
    (21, 8, 124), (21, 8, 125), (21, 8, 126), (21, 8, 127),
    (21, 8, 128), (21, 8, 129), (21, 8, 130), (21, 8, 131),
    (21, 8, 132), (21, 8, 133), (21, 8, 134), (21, 8, 135),
    (21, 8, 136), (21, 8, 137), (21, 8, 138), (21, 8, 139),
    (21, 8, 140), (21, 8, 141), (21, 8, 142), (21, 8, 143),
    (21, 8, 144), (21, 8, 145), (21, 8, 146), (21, 8, 147),
    (21, 8, 148), (21, 8, 149), (21, 8, 150), (21, 8, 151),
    (21, 8, 152), (21, 8, 153), (21, 8, 154), (21, 8, 155),
    (21, 8, 156), (21, 8, 157), (21, 8, 158), (21, 8, 159),
    (21, 8, 160), (21, 8, 161), (21, 8, 162), (21, 8, 163),
    (21, 8, 164), (21, 8, 165), (21, 8, 166), (21, 8, 167),
    (21, 8, 168), (21, 8, 169), (21, 8, 170), (21, 8, 171),
    (21, 8, 172), (21, 8, 173), (21, 8, 174), (21, 8, 175),
    (21, 8, 176), (21, 8, 177), (21, 8, 178), (21, 8, 179),
    (21, 8, 180), (21, 8, 181), (21, 8, 182), (21, 8, 183),
    (21, 8, 184), (21, 8, 185), (21, 8, 186), (21, 8, 187),
    (21, 8, 188), (21, 8, 189), (21, 8, 190), (21, 8, 191),
    (21, 8, 192), (21, 8, 193), (21, 8, 194), (21, 8, 195),
    (21, 8, 196), (21, 8, 197), (21, 8, 198), (21, 8, 199),
    (21, 8, 200), (21, 8, 201), (21, 8, 202), (21, 8, 203),
    (21, 8, 204), (21, 8, 205), (21, 8, 206), (21, 8, 207),
    (21, 8, 208), (21, 8, 209), (21, 8, 210), (21, 8, 211),
    (21, 8, 212), (21, 8, 213), (21, 8, 214), (21, 8, 215),
    (21, 8, 216), (21, 8, 217), (21, 8, 218), (21, 8, 219),
    (21, 8, 220), (21, 8, 221), (21, 8, 222), (21, 8, 223),
    (21, 8, 224), (21, 8, 225), (21, 8, 226), (21, 8, 227),
    (21, 8, 228), (21, 8, 229), (21, 8, 230), (21, 8, 231),
    (21, 8, 232), (21, 8, 233), (21, 8, 234), (21, 8, 235),
    (21, 8, 236), (21, 8, 237), (21, 8, 238), (21, 8, 239),
    (21, 8, 240), (21, 8, 241), (21, 8, 242), (21, 8, 243),
    (21, 8, 244), (21, 8, 245), (21, 8, 246), (21, 8, 247),
    (21, 8, 248), (21, 8, 249), (21, 8, 250), (21, 8, 251),
    (21, 8, 252), (21, 8, 253), (21, 8, 254), (21, 8, 255),
    (22, 8,   0), (22, 8,   1), (22, 8,   2), (22, 8,   3),
    (22, 8,   4), (22, 8,   5), (22, 8,   6), (22, 8,   7),
    (22, 8,   8), (22, 8,   9), (22, 8,  10), (22, 8,  11),
    (22, 8,  12), (22, 8,  13), (22, 8,  14), (22, 8,  15),
    (22, 8,  16), (22, 8,  17), (22, 8,  18), (22, 8,  19),
    (22, 8,  20), (22, 8,  21), (22, 8,  22), (22, 8,  23),
    (22, 8,  24), (22, 8,  25), (22, 8,  26), (22, 8,  27),
    (22, 8,  28), (22, 8,  29), (22, 8,  30), (22, 8,  31),
    (22, 8,  32), (22, 8,  33), (22, 8,  34), (22, 8,  35),
    (22, 8,  36), (22, 8,  37), (22, 8,  38), (22, 8,  39),
    (22, 8,  40), (22, 8,  41), (22, 8,  42), (22, 8,  43),
    (22, 8,  44), (22, 8,  45), (22, 8,  46), (22, 8,  47),
    (22, 8,  48), (22, 8,  49), (22, 8,  50), (22, 8,  51),
    (22, 8,  52), (22, 8,  53), (22, 8,  54), (22, 8,  55),
    (22, 8,  56), (22, 8,  57), (22, 8,  58), (22, 8,  59),
    (22, 8,  60), (22, 8,  61), (22, 8,  62), (22, 8,  63),
    (22, 8,  64), (22, 8,  65), (22, 8,  66), (22, 8,  67),
    (22, 8,  68), (22, 8,  69), (22, 8,  70), (22, 8,  71),
    (22, 8,  72), (22, 8,  73), (22, 8,  74), (22, 8,  75),
    (22, 8,  76), (22, 8,  77), (22, 8,  78), (22, 8,  79),
    (22, 8,  80), (22, 8,  81), (22, 8,  82), (22, 8,  83),
    (22, 8,  84), (22, 8,  85), (22, 8,  86), (22, 8,  87),
    (22, 8,  88), (22, 8,  89), (22, 8,  90), (22, 8,  91),
    (22, 8,  92), (22, 8,  93), (22, 8,  94), (22, 8,  95),
    (22, 8,  96), (22, 8,  97), (22, 8,  98), (22, 8,  99),
    (22, 8, 100), (22, 8, 101), (22, 8, 102), (22, 8, 103),
    (22, 8, 104), (22, 8, 105), (22, 8, 106), (22, 8, 107),
    (22, 8, 108), (22, 8, 109), (22, 8, 110), (22, 8, 111),
    (22, 8, 112), (22, 8, 113), (22, 8, 114), (22, 8, 115),
    (22, 8, 116), (22, 8, 117), (22, 8, 118), (22, 8, 119),
    (22, 8, 120), (22, 8, 121), (22, 8, 122), (22, 8, 123),
    (22, 8, 124), (22, 8, 125), (22, 8, 126), (22, 8, 127),
    (22, 8, 128), (22, 8, 129), (22, 8, 130), (22, 8, 131),
    (22, 8, 132), (22, 8, 133), (22, 8, 134), (22, 8, 135),
    (22, 8, 136), (22, 8, 137), (22, 8, 138), (22, 8, 139),
    (22, 8, 140), (22, 8, 141), (22, 8, 142), (22, 8, 143),
    (22, 8, 144), (22, 8, 145), (22, 8, 146), (22, 8, 147),
    (22, 8, 148), (22, 8, 149), (22, 8, 150), (22, 8, 151),
    (22, 8, 152), (22, 8, 153), (22, 8, 154), (22, 8, 155),
    (22, 8, 156), (22, 8, 157), (22, 8, 158), (22, 8, 159),
    (22, 8, 160), (22, 8, 161), (22, 8, 162), (22, 8, 163),
    (22, 8, 164), (22, 8, 165), (22, 8, 166), (22, 8, 167),
    (22, 8, 168), (22, 8, 169), (22, 8, 170), (22, 8, 171),
    (22, 8, 172), (22, 8, 173), (22, 8, 174), (22, 8, 175),
    (22, 8, 176), (22, 8, 177), (22, 8, 178), (22, 8, 179),
    (22, 8, 180), (22, 8, 181), (22, 8, 182), (22, 8, 183),
    (22, 8, 184), (22, 8, 185), (22, 8, 186), (22, 8, 187),
    (22, 8, 188), (22, 8, 189), (22, 8, 190), (22, 8, 191),
    (22, 8, 192), (22, 8, 193), (22, 8, 194), (22, 8, 195),
    (22, 8, 196), (22, 8, 197), (22, 8, 198), (22, 8, 199),
    (22, 8, 200), (22, 8, 201), (22, 8, 202), (22, 8, 203),
    (22, 8, 204), (22, 8, 205), (22, 8, 206), (22, 8, 207),
    (22, 8, 208), (22, 8, 209), (22, 8, 210), (22, 8, 211),
    (22, 8, 212), (22, 8, 213), (22, 8, 214), (22, 8, 215),
    (22, 8, 216), (22, 8, 217), (22, 8, 218), (22, 8, 219),
    (22, 8, 220), (22, 8, 221), (22, 8, 222), (22, 8, 223),
    (22, 8, 224), (22, 8, 225), (22, 8, 226), (22, 8, 227),
    (22, 8, 228), (22, 8, 229), (22, 8, 230), (22, 8, 231),
    (22, 8, 232), (22, 8, 233), (22, 8, 234), (22, 8, 235),
    (22, 8, 236), (22, 8, 237), (22, 8, 238), (22, 8, 239),
    (22, 8, 240), (22, 8, 241), (22, 8, 242), (22, 8, 243),
    (22, 8, 244), (22, 8, 245), (22, 8, 246), (22, 8, 247),
    (22, 8, 248), (22, 8, 249), (22, 8, 250), (22, 8, 251),
    (22, 8, 252), (22, 8, 253), (22, 8, 254), (22, 8, 255),
    (23, 8,   0), (23, 8,   1), (23, 8,   2), (23, 8,   3),
    (23, 8,   4), (23, 8,   5), (23, 8,   6), (23, 8,   7),
    (23, 8,   8), (23, 8,   9), (23, 8,  10), (23, 8,  11),
    (23, 8,  12), (23, 8,  13), (23, 8,  14), (23, 8,  15),
    (23, 8,  16), (23, 8,  17), (23, 8,  18), (23, 8,  19),
    (23, 8,  20), (23, 8,  21), (23, 8,  22), (23, 8,  23),
    (23, 8,  24), (23, 8,  25), (23, 8,  26), (23, 8,  27),
    (23, 8,  28), (23, 8,  29), (23, 8,  30), (23, 8,  31),
    (23, 8,  32), (23, 8,  33), (23, 8,  34), (23, 8,  35),
    (23, 8,  36), (23, 8,  37), (23, 8,  38), (23, 8,  39),
    (23, 8,  40), (23, 8,  41), (23, 8,  42), (23, 8,  43),
    (23, 8,  44), (23, 8,  45), (23, 8,  46), (23, 8,  47),
    (23, 8,  48), (23, 8,  49), (23, 8,  50), (23, 8,  51),
    (23, 8,  52), (23, 8,  53), (23, 8,  54), (23, 8,  55),
    (23, 8,  56), (23, 8,  57), (23, 8,  58), (23, 8,  59),
    (23, 8,  60), (23, 8,  61), (23, 8,  62), (23, 8,  63),
    (23, 8,  64), (23, 8,  65), (23, 8,  66), (23, 8,  67),
    (23, 8,  68), (23, 8,  69), (23, 8,  70), (23, 8,  71),
    (23, 8,  72), (23, 8,  73), (23, 8,  74), (23, 8,  75),
    (23, 8,  76), (23, 8,  77), (23, 8,  78), (23, 8,  79),
    (23, 8,  80), (23, 8,  81), (23, 8,  82), (23, 8,  83),
    (23, 8,  84), (23, 8,  85), (23, 8,  86), (23, 8,  87),
    (23, 8,  88), (23, 8,  89), (23, 8,  90), (23, 8,  91),
    (23, 8,  92), (23, 8,  93), (23, 8,  94), (23, 8,  95),
    (23, 8,  96), (23, 8,  97), (23, 8,  98), (23, 8,  99),
    (23, 8, 100), (23, 8, 101), (23, 8, 102), (23, 8, 103),
    (23, 8, 104), (23, 8, 105), (23, 8, 106), (23, 8, 107),
    (23, 8, 108), (23, 8, 109), (23, 8, 110), (23, 8, 111),
    (23, 8, 112), (23, 8, 113), (23, 8, 114), (23, 8, 115),
    (23, 8, 116), (23, 8, 117), (23, 8, 118), (23, 8, 119),
    (23, 8, 120), (23, 8, 121), (23, 8, 122), (23, 8, 123),
    (23, 8, 124), (23, 8, 125), (23, 8, 126), (23, 8, 127),
    (23, 8, 128), (23, 8, 129), (23, 8, 130), (23, 8, 131),
    (23, 8, 132), (23, 8, 133), (23, 8, 134), (23, 8, 135),
    (23, 8, 136), (23, 8, 137), (23, 8, 138), (23, 8, 139),
    (23, 8, 140), (23, 8, 141), (23, 8, 142), (23, 8, 143),
    (23, 8, 144), (23, 8, 145), (23, 8, 146), (23, 8, 147),
    (23, 8, 148), (23, 8, 149), (23, 8, 150), (23, 8, 151),
    (23, 8, 152), (23, 8, 153), (23, 8, 154), (23, 8, 155),
    (23, 8, 156), (23, 8, 157), (23, 8, 158), (23, 8, 159),
    (23, 8, 160), (23, 8, 161), (23, 8, 162), (23, 8, 163),
    (23, 8, 164), (23, 8, 165), (23, 8, 166), (23, 8, 167),
    (23, 8, 168), (23, 8, 169), (23, 8, 170), (23, 8, 171),
    (23, 8, 172), (23, 8, 173), (23, 8, 174), (23, 8, 175),
    (23, 8, 176), (23, 8, 177), (23, 8, 178), (23, 8, 179),
    (23, 8, 180), (23, 8, 181), (23, 8, 182), (23, 8, 183),
    (23, 8, 184), (23, 8, 185), (23, 8, 186), (23, 8, 187),
    (23, 8, 188), (23, 8, 189), (23, 8, 190), (23, 8, 191),
    (23, 8, 192), (23, 8, 193), (23, 8, 194), (23, 8, 195),
    (23, 8, 196), (23, 8, 197), (23, 8, 198), (23, 8, 199),
    (23, 8, 200), (23, 8, 201), (23, 8, 202), (23, 8, 203),
    (23, 8, 204), (23, 8, 205), (23, 8, 206), (23, 8, 207),
    (23, 8, 208), (23, 8, 209), (23, 8, 210), (23, 8, 211),
    (23, 8, 212), (23, 8, 213), (23, 8, 214), (23, 8, 215),
    (23, 8, 216), (23, 8, 217), (23, 8, 218), (23, 8, 219),
    (23, 8, 220), (23, 8, 221), (23, 8, 222), (23, 8, 223),
    (23, 8, 224), (23, 8, 225), (23, 8, 226), (23, 8, 227),
    (23, 8, 228), (23, 8, 229), (23, 8, 230), (23, 8, 231),
    (23, 8, 232), (23, 8, 233), (23, 8, 234), (23, 8, 235),
    (23, 8, 236), (23, 8, 237), (23, 8, 238), (23, 8, 239),
    (23, 8, 240), (23, 8, 241), (23, 8, 242), (23, 8, 243),
    (23, 8, 244), (23, 8, 245), (23, 8, 246), (23, 8, 247),
    (23, 8, 248), (23, 8, 249), (23, 8, 250), (23, 8, 251),
    (23, 8, 252), (23, 8, 253), (23, 8, 254), (23, 8, 255),
    (24, 8,   0), (24, 8,   1), (24, 8,   2), (24, 8,   3),
    (24, 8,   4), (24, 8,   5), (24, 8,   6), (24, 8,   7),
    (24, 8,   8), (24, 8,   9), (24, 8,  10), (24, 8,  11),
    (24, 8,  12), (24, 8,  13), (24, 8,  14), (24, 8,  15),
    (24, 8,  16), (24, 8,  17), (24, 8,  18), (24, 8,  19),
    (24, 8,  20), (24, 8,  21), (24, 8,  22), (24, 8,  23),
    (24, 8,  24), (24, 8,  25), (24, 8,  26), (24, 8,  27),
    (24, 8,  28), (24, 8,  29), (24, 8,  30), (24, 8,  31),
    (24, 8,  32), (24, 8,  33), (24, 8,  34), (24, 8,  35),
    (24, 8,  36), (24, 8,  37), (24, 8,  38), (24, 8,  39),
    (24, 8,  40), (24, 8,  41), (24, 8,  42), (24, 8,  43),
    (24, 8,  44), (24, 8,  45), (24, 8,  46), (24, 8,  47),
    (24, 8,  48), (24, 8,  49), (24, 8,  50), (24, 8,  51),
    (24, 8,  52), (24, 8,  53), (24, 8,  54), (24, 8,  55),
    (24, 8,  56), (24, 8,  57), (24, 8,  58), (24, 8,  59),
    (24, 8,  60), (24, 8,  61), (24, 8,  62), (24, 8,  63),
    (24, 8,  64), (24, 8,  65), (24, 8,  66), (24, 8,  67),
    (24, 8,  68), (24, 8,  69), (24, 8,  70), (24, 8,  71),
    (24, 8,  72), (24, 8,  73), (24, 8,  74), (24, 8,  75),
    (24, 8,  76), (24, 8,  77), (24, 8,  78), (24, 8,  79),
    (24, 8,  80), (24, 8,  81), (24, 8,  82), (24, 8,  83),
    (24, 8,  84), (24, 8,  85), (24, 8,  86), (24, 8,  87),
    (24, 8,  88), (24, 8,  89), (24, 8,  90), (24, 8,  91),
    (24, 8,  92), (24, 8,  93), (24, 8,  94), (24, 8,  95),
    (24, 8,  96), (24, 8,  97), (24, 8,  98), (24, 8,  99),
    (24, 8, 100), (24, 8, 101), (24, 8, 102), (24, 8, 103),
    (24, 8, 104), (24, 8, 105), (24, 8, 106), (24, 8, 107),
    (24, 8, 108), (24, 8, 109), (24, 8, 110), (24, 8, 111),
    (24, 8, 112), (24, 8, 113), (24, 8, 114), (24, 8, 115),
    (24, 8, 116), (24, 8, 117), (24, 8, 118), (24, 8, 119),
    (24, 8, 120), (24, 8, 121), (24, 8, 122), (24, 8, 123),
    (24, 8, 124), (24, 8, 125), (24, 8, 126), (24, 8, 127),
    (24, 8, 128), (24, 8, 129), (24, 8, 130), (24, 8, 131),
    (24, 8, 132), (24, 8, 133), (24, 8, 134), (24, 8, 135),
    (24, 8, 136), (24, 8, 137), (24, 8, 138), (24, 8, 139),
    (24, 8, 140), (24, 8, 141), (24, 8, 142), (24, 8, 143),
    (24, 8, 144), (24, 8, 145), (24, 8, 146), (24, 8, 147),
    (24, 8, 148), (24, 8, 149), (24, 8, 150), (24, 8, 151),
    (24, 8, 152), (24, 8, 153), (24, 8, 154), (24, 8, 155),
    (24, 8, 156), (24, 8, 157), (24, 8, 158), (24, 8, 159),
    (24, 8, 160), (24, 8, 161), (24, 8, 162), (24, 8, 163),
    (24, 8, 164), (24, 8, 165), (24, 8, 166), (24, 8, 167),
    (24, 8, 168), (24, 8, 169), (24, 8, 170), (24, 8, 171),
    (24, 8, 172), (24, 8, 173), (24, 8, 174), (24, 8, 175),
    (24, 8, 176), (24, 8, 177), (24, 8, 178), (24, 8, 179),
    (24, 8, 180), (24, 8, 181), (24, 8, 182), (24, 8, 183),
    (24, 8, 184), (24, 8, 185), (24, 8, 186), (24, 8, 187),
    (24, 8, 188), (24, 8, 189), (24, 8, 190), (24, 8, 191),
    (24, 8, 192), (24, 8, 193), (24, 8, 194), (24, 8, 195),
    (24, 8, 196), (24, 8, 197), (24, 8, 198), (24, 8, 199),
    (24, 8, 200), (24, 8, 201), (24, 8, 202), (24, 8, 203),
    (24, 8, 204), (24, 8, 205), (24, 8, 206), (24, 8, 207),
    (24, 8, 208), (24, 8, 209), (24, 8, 210), (24, 8, 211),
    (24, 8, 212), (24, 8, 213), (24, 8, 214), (24, 8, 215),
    (24, 8, 216), (24, 8, 217), (24, 8, 218), (24, 8, 219),
    (24, 8, 220), (24, 8, 221), (24, 8, 222), (24, 8, 223),
    (24, 8, 224), (24, 8, 225), (24, 8, 226), (24, 8, 227),
    (24, 8, 228), (24, 8, 229), (24, 8, 230), (24, 8, 231),
    (24, 8, 232), (24, 8, 233), (24, 8, 234), (24, 8, 235),
    (24, 8, 236), (24, 8, 237), (24, 8, 238), (24, 8, 239),
    (24, 8, 240), (24, 8, 241), (24, 8, 242), (24, 8, 243),
    (24, 8, 244), (24, 8, 245), (24, 8, 246), (24, 8, 247),
    (24, 8, 248), (24, 8, 249), (24, 8, 250), (24, 8, 251),
    (24, 8, 252), (24, 8, 253), (24, 8, 254), (24, 8, 255),
    (25, 8,   0), (25, 8,   1), (25, 8,   2), (25, 8,   3),
    (25, 8,   4), (25, 8,   5), (25, 8,   6), (25, 8,   7),
    (25, 8,   8), (25, 8,   9), (25, 8,  10), (25, 8,  11),
    (25, 8,  12), (25, 8,  13), (25, 8,  14), (25, 8,  15),
    (25, 8,  16), (25, 8,  17), (25, 8,  18), (25, 8,  19),
    (25, 8,  20), (25, 8,  21), (25, 8,  22), (25, 8,  23),
    (25, 8,  24), (25, 8,  25), (25, 8,  26), (25, 8,  27),
    (25, 8,  28), (25, 8,  29), (25, 8,  30), (25, 8,  31),
    (25, 8,  32), (25, 8,  33), (25, 8,  34), (25, 8,  35),
    (25, 8,  36), (25, 8,  37), (25, 8,  38), (25, 8,  39),
    (25, 8,  40), (25, 8,  41), (25, 8,  42), (25, 8,  43),
    (25, 8,  44), (25, 8,  45), (25, 8,  46), (25, 8,  47),
    (25, 8,  48), (25, 8,  49), (25, 8,  50), (25, 8,  51),
    (25, 8,  52), (25, 8,  53), (25, 8,  54), (25, 8,  55),
    (25, 8,  56), (25, 8,  57), (25, 8,  58), (25, 8,  59),
    (25, 8,  60), (25, 8,  61), (25, 8,  62), (25, 8,  63),
    (25, 8,  64), (25, 8,  65), (25, 8,  66), (25, 8,  67),
    (25, 8,  68), (25, 8,  69), (25, 8,  70), (25, 8,  71),
    (25, 8,  72), (25, 8,  73), (25, 8,  74), (25, 8,  75),
    (25, 8,  76), (25, 8,  77), (25, 8,  78), (25, 8,  79),
    (25, 8,  80), (25, 8,  81), (25, 8,  82), (25, 8,  83),
    (25, 8,  84), (25, 8,  85), (25, 8,  86), (25, 8,  87),
    (25, 8,  88), (25, 8,  89), (25, 8,  90), (25, 8,  91),
    (25, 8,  92), (25, 8,  93), (25, 8,  94), (25, 8,  95),
    (25, 8,  96), (25, 8,  97), (25, 8,  98), (25, 8,  99),
    (25, 8, 100), (25, 8, 101), (25, 8, 102), (25, 8, 103),
    (25, 8, 104), (25, 8, 105), (25, 8, 106), (25, 8, 107),
    (25, 8, 108), (25, 8, 109), (25, 8, 110), (25, 8, 111),
    (25, 8, 112), (25, 8, 113), (25, 8, 114), (25, 8, 115),
    (25, 8, 116), (25, 8, 117), (25, 8, 118), (25, 8, 119),
    (25, 8, 120), (25, 8, 121), (25, 8, 122), (25, 8, 123),
    (25, 8, 124), (25, 8, 125), (25, 8, 126), (25, 8, 127),
    (25, 8, 128), (25, 8, 129), (25, 8, 130), (25, 8, 131),
    (25, 8, 132), (25, 8, 133), (25, 8, 134), (25, 8, 135),
    (25, 8, 136), (25, 8, 137), (25, 8, 138), (25, 8, 139),
    (25, 8, 140), (25, 8, 141), (25, 8, 142), (25, 8, 143),
    (25, 8, 144), (25, 8, 145), (25, 8, 146), (25, 8, 147),
    (25, 8, 148), (25, 8, 149), (25, 8, 150), (25, 8, 151),
    (25, 8, 152), (25, 8, 153), (25, 8, 154), (25, 8, 155),
    (25, 8, 156), (25, 8, 157), (25, 8, 158), (25, 8, 159),
    (25, 8, 160), (25, 8, 161), (25, 8, 162), (25, 8, 163),
    (25, 8, 164), (25, 8, 165), (25, 8, 166), (25, 8, 167),
    (25, 8, 168), (25, 8, 169), (25, 8, 170), (25, 8, 171),
    (25, 8, 172), (25, 8, 173), (25, 8, 174), (25, 8, 175),
    (25, 8, 176), (25, 8, 177), (25, 8, 178), (25, 8, 179),
    (25, 8, 180), (25, 8, 181), (25, 8, 182), (25, 8, 183),
    (25, 8, 184), (25, 8, 185), (25, 8, 186), (25, 8, 187),
    (25, 8, 188), (25, 8, 189), (25, 8, 190), (25, 8, 191),
    (25, 8, 192), (25, 8, 193), (25, 8, 194), (25, 8, 195),
    (25, 8, 196), (25, 8, 197), (25, 8, 198), (25, 8, 199),
    (25, 8, 200), (25, 8, 201), (25, 8, 202), (25, 8, 203),
    (25, 8, 204), (25, 8, 205), (25, 8, 206), (25, 8, 207),
    (25, 8, 208), (25, 8, 209), (25, 8, 210), (25, 8, 211),
    (25, 8, 212), (25, 8, 213), (25, 8, 214), (25, 8, 215),
    (25, 8, 216), (25, 8, 217), (25, 8, 218), (25, 8, 219),
    (25, 8, 220), (25, 8, 221), (25, 8, 222), (25, 8, 223),
    (25, 8, 224), (25, 8, 225), (25, 8, 226), (25, 8, 227),
    (25, 8, 228), (25, 8, 229), (25, 8, 230), (25, 8, 231),
    (25, 8, 232), (25, 8, 233), (25, 8, 234), (25, 8, 235),
    (25, 8, 236), (25, 8, 237), (25, 8, 238), (25, 8, 239),
    (25, 8, 240), (25, 8, 241), (25, 8, 242), (25, 8, 243),
    (25, 8, 244), (25, 8, 245), (25, 8, 246), (25, 8, 247),
    (25, 8, 248), (25, 8, 249), (25, 8, 250), (25, 8, 251),
    (25, 8, 252), (25, 8, 253), (25, 8, 254), (25, 8, 255),
    (26, 8,   0), (26, 8,   1), (26, 8,   2), (26, 8,   3),
    (26, 8,   4), (26, 8,   5), (26, 8,   6), (26, 8,   7),
    (26, 8,   8), (26, 8,   9), (26, 8,  10), (26, 8,  11),
    (26, 8,  12), (26, 8,  13), (26, 8,  14), (26, 8,  15),
    (26, 8,  16), (26, 8,  17), (26, 8,  18), (26, 8,  19),
    (26, 8,  20), (26, 8,  21), (26, 8,  22), (26, 8,  23),
    (26, 8,  24), (26, 8,  25), (26, 8,  26), (26, 8,  27),
    (26, 8,  28), (26, 8,  29), (26, 8,  30), (26, 8,  31),
    (26, 8,  32), (26, 8,  33), (26, 8,  34), (26, 8,  35),
    (26, 8,  36), (26, 8,  37), (26, 8,  38), (26, 8,  39),
    (26, 8,  40), (26, 8,  41), (26, 8,  42), (26, 8,  43),
    (26, 8,  44), (26, 8,  45), (26, 8,  46), (26, 8,  47),
    (26, 8,  48), (26, 8,  49), (26, 8,  50), (26, 8,  51),
    (26, 8,  52), (26, 8,  53), (26, 8,  54), (26, 8,  55),
    (26, 8,  56), (26, 8,  57), (26, 8,  58), (26, 8,  59),
    (26, 8,  60), (26, 8,  61), (26, 8,  62), (26, 8,  63),
    (26, 8,  64), (26, 8,  65), (26, 8,  66), (26, 8,  67),
    (26, 8,  68), (26, 8,  69), (26, 8,  70), (26, 8,  71),
    (26, 8,  72), (26, 8,  73), (26, 8,  74), (26, 8,  75),
    (26, 8,  76), (26, 8,  77), (26, 8,  78), (26, 8,  79),
    (26, 8,  80), (26, 8,  81), (26, 8,  82), (26, 8,  83),
    (26, 8,  84), (26, 8,  85), (26, 8,  86), (26, 8,  87),
    (26, 8,  88), (26, 8,  89), (26, 8,  90), (26, 8,  91),
    (26, 8,  92), (26, 8,  93), (26, 8,  94), (26, 8,  95),
    (26, 8,  96), (26, 8,  97), (26, 8,  98), (26, 8,  99),
    (26, 8, 100), (26, 8, 101), (26, 8, 102), (26, 8, 103),
    (26, 8, 104), (26, 8, 105), (26, 8, 106), (26, 8, 107),
    (26, 8, 108), (26, 8, 109), (26, 8, 110), (26, 8, 111),
    (26, 8, 112), (26, 8, 113), (26, 8, 114), (26, 8, 115),
    (26, 8, 116), (26, 8, 117), (26, 8, 118), (26, 8, 119),
    (26, 8, 120), (26, 8, 121), (26, 8, 122), (26, 8, 123),
    (26, 8, 124), (26, 8, 125), (26, 8, 126), (26, 8, 127),
    (26, 8, 128), (26, 8, 129), (26, 8, 130), (26, 8, 131),
    (26, 8, 132), (26, 8, 133), (26, 8, 134), (26, 8, 135),
    (26, 8, 136), (26, 8, 137), (26, 8, 138), (26, 8, 139),
    (26, 8, 140), (26, 8, 141), (26, 8, 142), (26, 8, 143),
    (26, 8, 144), (26, 8, 145), (26, 8, 146), (26, 8, 147),
    (26, 8, 148), (26, 8, 149), (26, 8, 150), (26, 8, 151),
    (26, 8, 152), (26, 8, 153), (26, 8, 154), (26, 8, 155),
    (26, 8, 156), (26, 8, 157), (26, 8, 158), (26, 8, 159),
    (26, 8, 160), (26, 8, 161), (26, 8, 162), (26, 8, 163),
    (26, 8, 164), (26, 8, 165), (26, 8, 166), (26, 8, 167),
    (26, 8, 168), (26, 8, 169), (26, 8, 170), (26, 8, 171),
    (26, 8, 172), (26, 8, 173), (26, 8, 174), (26, 8, 175),
    (26, 8, 176), (26, 8, 177), (26, 8, 178), (26, 8, 179),
    (26, 8, 180), (26, 8, 181), (26, 8, 182), (26, 8, 183),
    (26, 8, 184), (26, 8, 185), (26, 8, 186), (26, 8, 187),
    (26, 8, 188), (26, 8, 189), (26, 8, 190), (26, 8, 191),
    (26, 8, 192), (26, 8, 193), (26, 8, 194), (26, 8, 195),
    (26, 8, 196), (26, 8, 197), (26, 8, 198), (26, 8, 199),
    (26, 8, 200), (26, 8, 201), (26, 8, 202), (26, 8, 203),
    (26, 8, 204), (26, 8, 205), (26, 8, 206), (26, 8, 207),
    (26, 8, 208), (26, 8, 209), (26, 8, 210), (26, 8, 211),
    (26, 8, 212), (26, 8, 213), (26, 8, 214), (26, 8, 215),
    (26, 8, 216), (26, 8, 217), (26, 8, 218), (26, 8, 219),
    (26, 8, 220), (26, 8, 221), (26, 8, 222), (26, 8, 223),
    (26, 8, 224), (26, 8, 225), (26, 8, 226), (26, 8, 227),
    (26, 8, 228), (26, 8, 229), (26, 8, 230), (26, 8, 231),
    (26, 8, 232), (26, 8, 233), (26, 8, 234), (26, 8, 235),
    (26, 8, 236), (26, 8, 237), (26, 8, 238), (26, 8, 239),
    (26, 8, 240), (26, 8, 241), (26, 8, 242), (26, 8, 243),
    (26, 8, 244), (26, 8, 245), (26, 8, 246), (26, 8, 247),
    (26, 8, 248), (26, 8, 249), (26, 8, 250), (26, 8, 251),
    (26, 8, 252), (26, 8, 253), (26, 8, 254), (26, 8, 255),
    (27, 8,   0), (27, 8,   1), (27, 8,   2), (27, 8,   3),
    (27, 8,   4), (27, 8,   5), (27, 8,   6), (27, 8,   7),
    (27, 8,   8), (27, 8,   9), (27, 8,  10), (27, 8,  11),
    (27, 8,  12), (27, 8,  13), (27, 8,  14), (27, 8,  15),
    (27, 8,  16), (27, 8,  17), (27, 8,  18), (27, 8,  19),
    (27, 8,  20), (27, 8,  21), (27, 8,  22), (27, 8,  23),
    (27, 8,  24), (27, 8,  25), (27, 8,  26), (27, 8,  27),
    (27, 8,  28), (27, 8,  29), (27, 8,  30), (27, 8,  31),
    (27, 8,  32), (27, 8,  33), (27, 8,  34), (27, 8,  35),
    (27, 8,  36), (27, 8,  37), (27, 8,  38), (27, 8,  39),
    (27, 8,  40), (27, 8,  41), (27, 8,  42), (27, 8,  43),
    (27, 8,  44), (27, 8,  45), (27, 8,  46), (27, 8,  47),
    (27, 8,  48), (27, 8,  49), (27, 8,  50), (27, 8,  51),
    (27, 8,  52), (27, 8,  53), (27, 8,  54), (27, 8,  55),
    (27, 8,  56), (27, 8,  57), (27, 8,  58), (27, 8,  59),
    (27, 8,  60), (27, 8,  61), (27, 8,  62), (27, 8,  63),
    (27, 8,  64), (27, 8,  65), (27, 8,  66), (27, 8,  67),
    (27, 8,  68), (27, 8,  69), (27, 8,  70), (27, 8,  71),
    (27, 8,  72), (27, 8,  73), (27, 8,  74), (27, 8,  75),
    (27, 8,  76), (27, 8,  77), (27, 8,  78), (27, 8,  79),
    (27, 8,  80), (27, 8,  81), (27, 8,  82), (27, 8,  83),
    (27, 8,  84), (27, 8,  85), (27, 8,  86), (27, 8,  87),
    (27, 8,  88), (27, 8,  89), (27, 8,  90), (27, 8,  91),
    (27, 8,  92), (27, 8,  93), (27, 8,  94), (27, 8,  95),
    (27, 8,  96), (27, 8,  97), (27, 8,  98), (27, 8,  99),
    (27, 8, 100), (27, 8, 101), (27, 8, 102), (27, 8, 103),
    (27, 8, 104), (27, 8, 105), (27, 8, 106), (27, 8, 107),
    (27, 8, 108), (27, 8, 109), (27, 8, 110), (27, 8, 111),
    (27, 8, 112), (27, 8, 113), (27, 8, 114), (27, 8, 115),
    (27, 8, 116), (27, 8, 117), (27, 8, 118), (27, 8, 119),
    (27, 8, 120), (27, 8, 121), (27, 8, 122), (27, 8, 123),
    (27, 8, 124), (27, 8, 125), (27, 8, 126), (27, 8, 127),
    (27, 8, 128), (27, 8, 129), (27, 8, 130), (27, 8, 131),
    (27, 8, 132), (27, 8, 133), (27, 8, 134), (27, 8, 135),
    (27, 8, 136), (27, 8, 137), (27, 8, 138), (27, 8, 139),
    (27, 8, 140), (27, 8, 141), (27, 8, 142), (27, 8, 143),
    (27, 8, 144), (27, 8, 145), (27, 8, 146), (27, 8, 147),
    (27, 8, 148), (27, 8, 149), (27, 8, 150), (27, 8, 151),
    (27, 8, 152), (27, 8, 153), (27, 8, 154), (27, 8, 155),
    (27, 8, 156), (27, 8, 157), (27, 8, 158), (27, 8, 159),
    (27, 8, 160), (27, 8, 161), (27, 8, 162), (27, 8, 163),
    (27, 8, 164), (27, 8, 165), (27, 8, 166), (27, 8, 167),
    (27, 8, 168), (27, 8, 169), (27, 8, 170), (27, 8, 171),
    (27, 8, 172), (27, 8, 173), (27, 8, 174), (27, 8, 175),
    (27, 8, 176), (27, 8, 177), (27, 8, 178), (27, 8, 179),
    (27, 8, 180), (27, 8, 181), (27, 8, 182), (27, 8, 183),
    (27, 8, 184), (27, 8, 185), (27, 8, 186), (27, 8, 187),
    (27, 8, 188), (27, 8, 189), (27, 8, 190), (27, 8, 191),
    (27, 8, 192), (27, 8, 193), (27, 8, 194), (27, 8, 195),
    (27, 8, 196), (27, 8, 197), (27, 8, 198), (27, 8, 199),
    (27, 8, 200), (27, 8, 201), (27, 8, 202), (27, 8, 203),
    (27, 8, 204), (27, 8, 205), (27, 8, 206), (27, 8, 207),
    (27, 8, 208), (27, 8, 209), (27, 8, 210), (27, 8, 211),
    (27, 8, 212), (27, 8, 213), (27, 8, 214), (27, 8, 215),
    (27, 8, 216), (27, 8, 217), (27, 8, 218), (27, 8, 219),
    (27, 8, 220), (27, 8, 221), (27, 8, 222), (27, 8, 223),
    (27, 8, 224), (27, 8, 225), (27, 8, 226), (27, 8, 227),
    (27, 8, 228), (27, 8, 229), (27, 8, 230), (27, 8, 231),
    (27, 8, 232), (27, 8, 233), (27, 8, 234), (27, 8, 235),
    (27, 8, 236), (27, 8, 237), (27, 8, 238), (27, 8, 239),
    (27, 8, 240), (27, 8, 241), (27, 8, 242), (27, 8, 243),
    (27, 8, 244), (27, 8, 245), (27, 8, 246), (27, 8, 247),
    (27, 8, 248), (27, 8, 249), (27, 8, 250), (27, 8, 251),
    (27, 8, 252), (27, 8, 253), (27, 8, 254), (27, 8, 255),
    (28, 8,   0), (28, 8,   1), (28, 8,   2), (28, 8,   3),
    (28, 8,   4), (28, 8,   5), (28, 8,   6), (28, 8,   7),
    (28, 8,   8), (28, 8,   9), (28, 8,  10), (28, 8,  11),
    (28, 8,  12), (28, 8,  13), (28, 8,  14), (28, 8,  15),
    (28, 8,  16), (28, 8,  17), (28, 8,  18), (28, 8,  19),
    (28, 8,  20), (28, 8,  21), (28, 8,  22), (28, 8,  23),
    (28, 8,  24), (28, 8,  25), (28, 8,  26), (28, 8,  27),
    (28, 8,  28), (28, 8,  29), (28, 8,  30), (28, 8,  31),
    (28, 8,  32), (28, 8,  33), (28, 8,  34), (28, 8,  35),
    (28, 8,  36), (28, 8,  37), (28, 8,  38), (28, 8,  39),
    (28, 8,  40), (28, 8,  41), (28, 8,  42), (28, 8,  43),
    (28, 8,  44), (28, 8,  45), (28, 8,  46), (28, 8,  47),
    (28, 8,  48), (28, 8,  49), (28, 8,  50), (28, 8,  51),
    (28, 8,  52), (28, 8,  53), (28, 8,  54), (28, 8,  55),
    (28, 8,  56), (28, 8,  57), (28, 8,  58), (28, 8,  59),
    (28, 8,  60), (28, 8,  61), (28, 8,  62), (28, 8,  63),
    (28, 8,  64), (28, 8,  65), (28, 8,  66), (28, 8,  67),
    (28, 8,  68), (28, 8,  69), (28, 8,  70), (28, 8,  71),
    (28, 8,  72), (28, 8,  73), (28, 8,  74), (28, 8,  75),
    (28, 8,  76), (28, 8,  77), (28, 8,  78), (28, 8,  79),
    (28, 8,  80), (28, 8,  81), (28, 8,  82), (28, 8,  83),
    (28, 8,  84), (28, 8,  85), (28, 8,  86), (28, 8,  87),
    (28, 8,  88), (28, 8,  89), (28, 8,  90), (28, 8,  91),
    (28, 8,  92), (28, 8,  93), (28, 8,  94), (28, 8,  95),
    (28, 8,  96), (28, 8,  97), (28, 8,  98), (28, 8,  99),
    (28, 8, 100), (28, 8, 101), (28, 8, 102), (28, 8, 103),
    (28, 8, 104), (28, 8, 105), (28, 8, 106), (28, 8, 107),
    (28, 8, 108), (28, 8, 109), (28, 8, 110), (28, 8, 111),
    (28, 8, 112), (28, 8, 113), (28, 8, 114), (28, 8, 115),
    (28, 8, 116), (28, 8, 117), (28, 8, 118), (28, 8, 119),
    (28, 8, 120), (28, 8, 121), (28, 8, 122), (28, 8, 123),
    (28, 8, 124), (28, 8, 125), (28, 8, 126), (28, 8, 127),
    (28, 8, 128), (28, 8, 129), (28, 8, 130), (28, 8, 131),
    (28, 8, 132), (28, 8, 133), (28, 8, 134), (28, 8, 135),
    (28, 8, 136), (28, 8, 137), (28, 8, 138), (28, 8, 139),
    (28, 8, 140), (28, 8, 141), (28, 8, 142), (28, 8, 143),
    (28, 8, 144), (28, 8, 145), (28, 8, 146), (28, 8, 147),
    (28, 8, 148), (28, 8, 149), (28, 8, 150), (28, 8, 151),
    (28, 8, 152), (28, 8, 153), (28, 8, 154), (28, 8, 155),
    (28, 8, 156), (28, 8, 157), (28, 8, 158), (28, 8, 159),
    (28, 8, 160), (28, 8, 161), (28, 8, 162), (28, 8, 163),
    (28, 8, 164), (28, 8, 165), (28, 8, 166), (28, 8, 167),
    (28, 8, 168), (28, 8, 169), (28, 8, 170), (28, 8, 171),
    (28, 8, 172), (28, 8, 173), (28, 8, 174), (28, 8, 175),
    (28, 8, 176), (28, 8, 177), (28, 8, 178), (28, 8, 179),
    (28, 8, 180), (28, 8, 181), (28, 8, 182), (28, 8, 183),
    (28, 8, 184), (28, 8, 185), (28, 8, 186), (28, 8, 187),
    (28, 8, 188), (28, 8, 189), (28, 8, 190), (28, 8, 191),
    (28, 8, 192), (28, 8, 193), (28, 8, 194), (28, 8, 195),
    (28, 8, 196), (28, 8, 197), (28, 8, 198), (28, 8, 199),
    (28, 8, 200), (28, 8, 201), (28, 8, 202), (28, 8, 203),
    (28, 8, 204), (28, 8, 205), (28, 8, 206), (28, 8, 207),
    (28, 8, 208), (28, 8, 209), (28, 8, 210), (28, 8, 211),
    (28, 8, 212), (28, 8, 213), (28, 8, 214), (28, 8, 215),
    (28, 8, 216), (28, 8, 217), (28, 8, 218), (28, 8, 219),
    (28, 8, 220), (28, 8, 221), (28, 8, 222), (28, 8, 223),
    (28, 8, 224), (28, 8, 225), (28, 8, 226), (28, 8, 227),
    (28, 8, 228), (28, 8, 229), (28, 8, 230), (28, 8, 231),
    (28, 8, 232), (28, 8, 233), (28, 8, 234), (28, 8, 235),
    (28, 8, 236), (28, 8, 237), (28, 8, 238), (28, 8, 239),
    (28, 8, 240), (28, 8, 241), (28, 8, 242), (28, 8, 243),
    (28, 8, 244), (28, 8, 245), (28, 8, 246), (28, 8, 247),
    (28, 8, 248), (28, 8, 249), (28, 8, 250), (28, 8, 251),
    (28, 8, 252), (28, 8, 253), (28, 8, 254), (28, 8, 255),
    (29, 8,   0), (29, 8,   1), (29, 8,   2), (29, 8,   3),
    (29, 8,   4), (29, 8,   5), (29, 8,   6), (29, 8,   7),
    (29, 8,   8), (29, 8,   9), (29, 8,  10), (29, 8,  11),
    (29, 8,  12), (29, 8,  13), (29, 8,  14), (29, 8,  15),
    (29, 8,  16), (29, 8,  17), (29, 8,  18), (29, 8,  19),
    (29, 8,  20), (29, 8,  21), (29, 8,  22), (29, 8,  23),
    (29, 8,  24), (29, 8,  25), (29, 8,  26), (29, 8,  27),
    (29, 8,  28), (29, 8,  29), (29, 8,  30), (29, 8,  31),
    (29, 8,  32), (29, 8,  33), (29, 8,  34), (29, 8,  35),
    (29, 8,  36), (29, 8,  37), (29, 8,  38), (29, 8,  39),
    (29, 8,  40), (29, 8,  41), (29, 8,  42), (29, 8,  43),
    (29, 8,  44), (29, 8,  45), (29, 8,  46), (29, 8,  47),
    (29, 8,  48), (29, 8,  49), (29, 8,  50), (29, 8,  51),
    (29, 8,  52), (29, 8,  53), (29, 8,  54), (29, 8,  55),
    (29, 8,  56), (29, 8,  57), (29, 8,  58), (29, 8,  59),
    (29, 8,  60), (29, 8,  61), (29, 8,  62), (29, 8,  63),
    (29, 8,  64), (29, 8,  65), (29, 8,  66), (29, 8,  67),
    (29, 8,  68), (29, 8,  69), (29, 8,  70), (29, 8,  71),
    (29, 8,  72), (29, 8,  73), (29, 8,  74), (29, 8,  75),
    (29, 8,  76), (29, 8,  77), (29, 8,  78), (29, 8,  79),
    (29, 8,  80), (29, 8,  81), (29, 8,  82), (29, 8,  83),
    (29, 8,  84), (29, 8,  85), (29, 8,  86), (29, 8,  87),
    (29, 8,  88), (29, 8,  89), (29, 8,  90), (29, 8,  91),
    (29, 8,  92), (29, 8,  93), (29, 8,  94), (29, 8,  95),
    (29, 8,  96), (29, 8,  97), (29, 8,  98), (29, 8,  99),
    (29, 8, 100), (29, 8, 101), (29, 8, 102), (29, 8, 103),
    (29, 8, 104), (29, 8, 105), (29, 8, 106), (29, 8, 107),
    (29, 8, 108), (29, 8, 109), (29, 8, 110), (29, 8, 111),
    (29, 8, 112), (29, 8, 113), (29, 8, 114), (29, 8, 115),
    (29, 8, 116), (29, 8, 117), (29, 8, 118), (29, 8, 119),
    (29, 8, 120), (29, 8, 121), (29, 8, 122), (29, 8, 123),
    (29, 8, 124), (29, 8, 125), (29, 8, 126), (29, 8, 127),
    (29, 8, 128), (29, 8, 129), (29, 8, 130), (29, 8, 131),
    (29, 8, 132), (29, 8, 133), (29, 8, 134), (29, 8, 135),
    (29, 8, 136), (29, 8, 137), (29, 8, 138), (29, 8, 139),
    (29, 8, 140), (29, 8, 141), (29, 8, 142), (29, 8, 143),
    (29, 8, 144), (29, 8, 145), (29, 8, 146), (29, 8, 147),
    (29, 8, 148), (29, 8, 149), (29, 8, 150), (29, 8, 151),
    (29, 8, 152), (29, 8, 153), (29, 8, 154), (29, 8, 155),
    (29, 8, 156), (29, 8, 157), (29, 8, 158), (29, 8, 159),
    (29, 8, 160), (29, 8, 161), (29, 8, 162), (29, 8, 163),
    (29, 8, 164), (29, 8, 165), (29, 8, 166), (29, 8, 167),
    (29, 8, 168), (29, 8, 169), (29, 8, 170), (29, 8, 171),
    (29, 8, 172), (29, 8, 173), (29, 8, 174), (29, 8, 175),
    (29, 8, 176), (29, 8, 177), (29, 8, 178), (29, 8, 179),
    (29, 8, 180), (29, 8, 181), (29, 8, 182), (29, 8, 183),
    (29, 8, 184), (29, 8, 185), (29, 8, 186), (29, 8, 187),
    (29, 8, 188), (29, 8, 189), (29, 8, 190), (29, 8, 191),
    (29, 8, 192), (29, 8, 193), (29, 8, 194), (29, 8, 195),
    (29, 8, 196), (29, 8, 197), (29, 8, 198), (29, 8, 199),
    (29, 8, 200), (29, 8, 201), (29, 8, 202), (29, 8, 203),
    (29, 8, 204), (29, 8, 205), (29, 8, 206), (29, 8, 207),
    (29, 8, 208), (29, 8, 209), (29, 8, 210), (29, 8, 211),
    (29, 8, 212), (29, 8, 213), (29, 8, 214), (29, 8, 215),
    (29, 8, 216), (29, 8, 217), (29, 8, 218), (29, 8, 219),
    (29, 8, 220), (29, 8, 221), (29, 8, 222), (29, 8, 223),
    (29, 8, 224), (29, 8, 225), (29, 8, 226), (29, 8, 227),
    (29, 8, 228), (29, 8, 229), (29, 8, 230), (29, 8, 231),
    (29, 8, 232), (29, 8, 233), (29, 8, 234), (29, 8, 235),
    (29, 8, 236), (29, 8, 237), (29, 8, 238), (29, 8, 239),
    (29, 8, 240), (29, 8, 241), (29, 8, 242), (29, 8, 243),
    (29, 8, 244), (29, 8, 245), (29, 8, 246), (29, 8, 247),
    (29, 8, 248), (29, 8, 249), (29, 8, 250), (29, 8, 251),
    (29, 8, 252), (29, 8, 253), (29, 8, 254), (29, 8, 255),
    (30, 8,   0), (30, 8,   1), (30, 8,   2), (30, 8,   3),
    (30, 8,   4), (30, 8,   5), (30, 8,   6), (30, 8,   7),
    (30, 8,   8), (30, 8,   9), (30, 8,  10), (30, 8,  11),
    (30, 8,  12), (30, 8,  13), (30, 8,  14), (30, 8,  15),
    (30, 8,  16), (30, 8,  17), (30, 8,  18), (30, 8,  19),
    (30, 8,  20), (30, 8,  21), (30, 8,  22), (30, 8,  23),
    (30, 8,  24), (30, 8,  25), (30, 8,  26), (30, 8,  27),
    (30, 8,  28), (30, 8,  29), (30, 8,  30), (30, 8,  31),
    (30, 8,  32), (30, 8,  33), (30, 8,  34), (30, 8,  35),
    (30, 8,  36), (30, 8,  37), (30, 8,  38), (30, 8,  39),
    (30, 8,  40), (30, 8,  41), (30, 8,  42), (30, 8,  43),
    (30, 8,  44), (30, 8,  45), (30, 8,  46), (30, 8,  47),
    (30, 8,  48), (30, 8,  49), (30, 8,  50), (30, 8,  51),
    (30, 8,  52), (30, 8,  53), (30, 8,  54), (30, 8,  55),
    (30, 8,  56), (30, 8,  57), (30, 8,  58), (30, 8,  59),
    (30, 8,  60), (30, 8,  61), (30, 8,  62), (30, 8,  63),
    (30, 8,  64), (30, 8,  65), (30, 8,  66), (30, 8,  67),
    (30, 8,  68), (30, 8,  69), (30, 8,  70), (30, 8,  71),
    (30, 8,  72), (30, 8,  73), (30, 8,  74), (30, 8,  75),
    (30, 8,  76), (30, 8,  77), (30, 8,  78), (30, 8,  79),
    (30, 8,  80), (30, 8,  81), (30, 8,  82), (30, 8,  83),
    (30, 8,  84), (30, 8,  85), (30, 8,  86), (30, 8,  87),
    (30, 8,  88), (30, 8,  89), (30, 8,  90), (30, 8,  91),
    (30, 8,  92), (30, 8,  93), (30, 8,  94), (30, 8,  95),
    (30, 8,  96), (30, 8,  97), (30, 8,  98), (30, 8,  99),
    (30, 8, 100), (30, 8, 101), (30, 8, 102), (30, 8, 103),
    (30, 8, 104), (30, 8, 105), (30, 8, 106), (30, 8, 107),
    (30, 8, 108), (30, 8, 109), (30, 8, 110), (30, 8, 111),
    (30, 8, 112), (30, 8, 113), (30, 8, 114), (30, 8, 115),
    (30, 8, 116), (30, 8, 117), (30, 8, 118), (30, 8, 119),
    (30, 8, 120), (30, 8, 121), (30, 8, 122), (30, 8, 123),
    (30, 8, 124), (30, 8, 125), (30, 8, 126), (30, 8, 127),
    (30, 8, 128), (30, 8, 129), (30, 8, 130), (30, 8, 131),
    (30, 8, 132), (30, 8, 133), (30, 8, 134), (30, 8, 135),
    (30, 8, 136), (30, 8, 137), (30, 8, 138), (30, 8, 139),
    (30, 8, 140), (30, 8, 141), (30, 8, 142), (30, 8, 143),
    (30, 8, 144), (30, 8, 145), (30, 8, 146), (30, 8, 147),
    (30, 8, 148), (30, 8, 149), (30, 8, 150), (30, 8, 151),
    (30, 8, 152), (30, 8, 153), (30, 8, 154), (30, 8, 155),
    (30, 8, 156), (30, 8, 157), (30, 8, 158), (30, 8, 159),
    (30, 8, 160), (30, 8, 161), (30, 8, 162), (30, 8, 163),
    (30, 8, 164), (30, 8, 165), (30, 8, 166), (30, 8, 167),
    (30, 8, 168), (30, 8, 169), (30, 8, 170), (30, 8, 171),
    (30, 8, 172), (30, 8, 173), (30, 8, 174), (30, 8, 175),
    (30, 8, 176), (30, 8, 177), (30, 8, 178), (30, 8, 179),
    (30, 8, 180), (30, 8, 181), (30, 8, 182), (30, 8, 183),
    (30, 8, 184), (30, 8, 185), (30, 8, 186), (30, 8, 187),
    (30, 8, 188), (30, 8, 189), (30, 8, 190), (30, 8, 191),
    (30, 8, 192), (30, 8, 193), (30, 8, 194), (30, 8, 195),
    (30, 8, 196), (30, 8, 197), (30, 8, 198), (30, 8, 199),
    (30, 8, 200), (30, 8, 201), (30, 8, 202), (30, 8, 203),
    (30, 8, 204), (30, 8, 205), (30, 8, 206), (30, 8, 207),
    (30, 8, 208), (30, 8, 209), (30, 8, 210), (30, 8, 211),
    (30, 8, 212), (30, 8, 213), (30, 8, 214), (30, 8, 215),
    (30, 8, 216), (30, 8, 217), (30, 8, 218), (30, 8, 219),
    (30, 8, 220), (30, 8, 221), (30, 8, 222), (30, 8, 223),
    (30, 8, 224), (30, 8, 225), (30, 8, 226), (30, 8, 227),
    (30, 8, 228), (30, 8, 229), (30, 8, 230), (30, 8, 231),
    (30, 8, 232), (30, 8, 233), (30, 8, 234), (30, 8, 235),
    (30, 8, 236), (30, 8, 237), (30, 8, 238), (30, 8, 239),
    (30, 8, 240), (30, 8, 241), (30, 8, 242), (30, 8, 243),
    (30, 8, 244), (30, 8, 245), (30, 8, 246), (30, 8, 247),
    (30, 8, 248), (30, 8, 249), (30, 8, 250), (30, 8, 251),
    (30, 8, 252), (30, 8, 253), (30, 8, 254), (30, 8, 255),
    (31, 8,   0), (31, 8,   1), (31, 8,   2), (31, 8,   3),
    (31, 8,   4), (31, 8,   5), (31, 8,   6), (31, 8,   7),
    (31, 8,   8), (31, 8,   9), (31, 8,  10), (31, 8,  11),
    (31, 8,  12), (31, 8,  13), (31, 8,  14), (31, 8,  15),
    (31, 8,  16), (31, 8,  17), (31, 8,  18), (31, 8,  19),
    (31, 8,  20), (31, 8,  21), (31, 8,  22), (31, 8,  23),
    (31, 8,  24), (31, 8,  25), (31, 8,  26), (31, 8,  27),
    (31, 8,  28), (31, 8,  29), (31, 8,  30), (31, 8,  31),
    (31, 8,  32), (31, 8,  33), (31, 8,  34), (31, 8,  35),
    (31, 8,  36), (31, 8,  37), (31, 8,  38), (31, 8,  39),
    (31, 8,  40), (31, 8,  41), (31, 8,  42), (31, 8,  43),
    (31, 8,  44), (31, 8,  45), (31, 8,  46), (31, 8,  47),
    (31, 8,  48), (31, 8,  49), (31, 8,  50), (31, 8,  51),
    (31, 8,  52), (31, 8,  53), (31, 8,  54), (31, 8,  55),
    (31, 8,  56), (31, 8,  57), (31, 8,  58), (31, 8,  59),
    (31, 8,  60), (31, 8,  61), (31, 8,  62), (31, 8,  63),
    (31, 8,  64), (31, 8,  65), (31, 8,  66), (31, 8,  67),
    (31, 8,  68), (31, 8,  69), (31, 8,  70), (31, 8,  71),
    (31, 8,  72), (31, 8,  73), (31, 8,  74), (31, 8,  75),
    (31, 8,  76), (31, 8,  77), (31, 8,  78), (31, 8,  79),
    (31, 8,  80), (31, 8,  81), (31, 8,  82), (31, 8,  83),
    (31, 8,  84), (31, 8,  85), (31, 8,  86), (31, 8,  87),
    (31, 8,  88), (31, 8,  89), (31, 8,  90), (31, 8,  91),
    (31, 8,  92), (31, 8,  93), (31, 8,  94), (31, 8,  95),
    (31, 8,  96), (31, 8,  97), (31, 8,  98), (31, 8,  99),
    (31, 8, 100), (31, 8, 101), (31, 8, 102), (31, 8, 103),
    (31, 8, 104), (31, 8, 105), (31, 8, 106), (31, 8, 107),
    (31, 8, 108), (31, 8, 109), (31, 8, 110), (31, 8, 111),
    (31, 8, 112), (31, 8, 113), (31, 8, 114), (31, 8, 115),
    (31, 8, 116), (31, 8, 117), (31, 8, 118), (31, 8, 119),
    (31, 8, 120), (31, 8, 121), (31, 8, 122), (31, 8, 123),
    (31, 8, 124), (31, 8, 125), (31, 8, 126), (31, 8, 127),
    (31, 8, 128), (31, 8, 129), (31, 8, 130), (31, 8, 131),
    (31, 8, 132), (31, 8, 133), (31, 8, 134), (31, 8, 135),
    (31, 8, 136), (31, 8, 137), (31, 8, 138), (31, 8, 139),
    (31, 8, 140), (31, 8, 141), (31, 8, 142), (31, 8, 143),
    (31, 8, 144), (31, 8, 145), (31, 8, 146), (31, 8, 147),
    (31, 8, 148), (31, 8, 149), (31, 8, 150), (31, 8, 151),
    (31, 8, 152), (31, 8, 153), (31, 8, 154), (31, 8, 155),
    (31, 8, 156), (31, 8, 157), (31, 8, 158), (31, 8, 159),
    (31, 8, 160), (31, 8, 161), (31, 8, 162), (31, 8, 163),
    (31, 8, 164), (31, 8, 165), (31, 8, 166), (31, 8, 167),
    (31, 8, 168), (31, 8, 169), (31, 8, 170), (31, 8, 171),
    (31, 8, 172), (31, 8, 173), (31, 8, 174), (31, 8, 175),
    (31, 8, 176), (31, 8, 177), (31, 8, 178), (31, 8, 179),
    (31, 8, 180), (31, 8, 181), (31, 8, 182), (31, 8, 183),
    (31, 8, 184), (31, 8, 185), (31, 8, 186), (31, 8, 187),
    (31, 8, 188), (31, 8, 189), (31, 8, 190), (31, 8, 191),
    (31, 8, 192), (31, 8, 193), (31, 8, 194), (31, 8, 195),
    (31, 8, 196), (31, 8, 197), (31, 8, 198), (31, 8, 199),
    (31, 8, 200), (31, 8, 201), (31, 8, 202), (31, 8, 203),
    (31, 8, 204), (31, 8, 205), (31, 8, 206), (31, 8, 207),
    (31, 8, 208), (31, 8, 209), (31, 8, 210), (31, 8, 211),
    (31, 8, 212), (31, 8, 213), (31, 8, 214), (31, 8, 215),
    (31, 8, 216), (31, 8, 217), (31, 8, 218), (31, 8, 219),
    (31, 8, 220), (31, 8, 221), (31, 8, 222), (31, 8, 223),
    (31, 8, 224), (31, 8, 225), (31, 8, 226), (31, 8, 227),
    (31, 8, 228), (31, 8, 229), (31, 8, 230), (31, 8, 231),
    (31, 8, 232), (31, 8, 233), (31, 8, 234), (31, 8, 235),
    (31, 8, 236), (31, 8, 237), (31, 8, 238), (31, 8, 239),
    (31, 8, 240), (31, 8, 241), (31, 8, 242), (31, 8, 243),
    (31, 8, 244), (31, 8, 245), (31, 8, 246), (31, 8, 247),
    (31, 8, 248), (31, 8, 249), (31, 8, 250), (31, 8, 251),
    (31, 8, 252), (31, 8, 253), (31, 8, 254), (31, 8, 255),
]
