[
    205, 206, 207, 208, 209, 210, 211, 212, 213, 142,  20, 214, 215, 216, 217, 218,
    219, 220, 221, 222, 223, 224, 225, 226, 227, 228, 229, 230, 231, 232, 233, 234,
      0,  95,  85,  81, 147,  94,  29,  23,  51,  50,  48, 106,  26,  39,  25,  31,
     35,  32,  44,  58,  62,  57,  65,  67,  61,  47,  38,  28,  42,  34,  43, 101,
    194,  37,  52,  36,  56,  55,  60,  63,  59,  46,  76,  77,  66,  53,  68,  73,
     54, 103,  64,  41,  40,  75,  82,  69, 102,  86,  84,  15,  92,  14, 152,  79,
    191,   3,  22,  12,  11,   1,  19,  18,  10,   4,  74,  33,   9,  16,   6,   5,
     17,  45,   7,   8,   2,  13,  27,  24,  49,  21,  70,  72,  30,  71, 176, 235,
     88, 107, 100,  91, 136, 153, 160, 161, 139, 158, 168, 173, 149, 144, 184, 169,
    129, 151, 179, 130, 114, 126, 170, 163, 148, 105, 175, 165, 135, 157, 167, 172,
    145, 104, 171, 154, 111, 150, 138, 121, 125,  97, 137, 156, 174, 116, 159, 146,
     96, 123, 124, 109, 134, 112, 140, 155,  90, 127, 118, 117, 108, 113, 115, 141,
    236, 237, 133,  80, 131, 128, 197, 193, 204, 166, 182, 183, 187, 199,  98, 132,
     78,  87, 195, 198, 200, 190, 185,  83, 110, 122, 192, 188, 203, 238, 202, 239,
     89, 120,  99,  93, 181, 119, 143, 164, 177, 180, 189, 178, 162, 186, 240, 196,
    201, 241, 242, 243, 244, 245, 246, 247, 248, 249, 250, 251, 252, 253, 254, 255,
]
